id1_32	id2_32	-0.705296619103752	-0.212206742490581	-0.80825912642405	0.0427727032221953	-1.01314839261743	0.767133319486696	-1.92887161818521	0.35805920219226	0.465775314320344	0.928230933161925	-1.10108035799889	-1.8356198177137	-1.60252697227747	-0.549677922377299	0.529354469357942
id1_36	id2_36	-1.2472450951894	-1.1839298369255	-2.80580733965256	-1.42239344066973	-1.21174480599331	0.509311300011437	-0.804030367489837	-0.491866667752426	-1.07866670863944	-0.970988964571188	-1.10597730352629	-1.08094131103613	-0.686328147664648	-0.410288997775296	-0.161004060142952
id1_63	id2_63	-1.15637293802583	-1.08273363882943	0.969406949048585	-0.844755432396542	-0.850801320881997	0.397322345401473	0.46251928851156	-0.809285436244109	-1.09068719238667	-0.968832386414742	-0.853262530479773	0.314670042046387	0.277991148625516	0.0483631777399735	0.924851206532751
id1_78	id2_78	-0.440652835559858	0.0874122209664917	0.0713494012967462	1.02178024926824	1.81365179624004	-1.58808748220409	-0.402395848194167	1.49047180355836	0.808496364077602	1.34386013911056	1.83456909647758	0.685276134236975	0.517513044812052	-1.76557937984295	0.120302471549198
id1_83	id2_83	-0.255148128397026	-0.556386873083045	-0.714571961728411	-1.55828336731089	-0.851572086248721	0.799010141814252	0.476581672134939	-1.16095402910735	-0.189162070236269	-0.558969843249551	-1.03031637557047	-0.231203581965819	1.0652353155396	1.71993732935854	0.140563698125394
id1_89	id2_89	0.820340055497876	0.382387158719408	-0.990111207557892	0.045120224640139	-0.056930224416657	1.14841963399306	1.34149752202093	0.284712066914398	0.172616767737797	0.115479894043605	-0.0672162134475952	0.963340999742126	0.294482826964119	0.453095709979404	0.64291005287309
id1_119	id2_119	-0.363273284714125	0.269864741069531	1.13914696995986	0.691977979958366	0.464483177570754	-1.78477568059543	-1.03083604882062	0.190204138151361	0.32528280587427	0.308517745331966	0.157711942884408	0.417280571287608	-0.361850933711774	-1.00921106274168	-0.49714228688245
id1_130	id2_130	0.16971172355073	-1.38282900250424	-1.31307921521782	-0.939836361508275	-1.61929857554119	-0.614775846174439	0.151583511787354	-0.738142392229105	-1.20081374366957	0.672305700625125	-0.0366683871331075	-0.81478471301005	0.660392926961016	0.972439547884565	0.490226407354256
id1_141	id2_141	-0.981705018680023	-0.651194565917198	0.0295435739534048	0.640647258219951	0.348129511854205	-1.79315217512	-0.695695015121506	1.39817950913752	0.297711191216995	1.509154680502	2.0893986994958	0.0936642476242253	0.462864546136131	-0.615612387623949	0.500449101099595
id1_167	id2_167	2.09371312480791	1.04348297573519	0.0726464688251163	0.901611586547786	-0.331692363036622	0.279867941280571	0.507351707499866	0.776573701764765	0.795992324067658	0.806765612868148	0.622551339473643	0.0759512634958988	0.287109025451944	0.086610796110183	0.236609278598721
id1_169	id2_169	-1.05492212748401	0.491025704573469	1.09963674004121	0.361945938564204	1.05981880994942	-0.900236635774455	-0.0482156374187031	1.15948503625839	0.776608600174605	-1.31100057565109	0.907728583030123	1.05229869544873	-1.20461337776219	-1.27620097454333	-1.92978962940651
id1_184	id2_184	1.63070906767993	0.159791566984163	-0.0676410019839885	0.465638789486223	0.135150390940304	0.520720457578138	1.12404672163318	-0.093001125537929	0.504499658722441	0.713203689528743	-0.814982310112922	0.12884629559052	-0.0280444611810438	-0.687363307328281	0.454968467418415
id1_185	id2_185	1.84871455206804	0.785127090210764	1.29232555976463	0.242185464957179	0.316206776107812	0.827429090725875	0.73509106202749	-0.621538008576034	0.734969621216629	0.485508747269952	-1.0651537423521	-0.381476407362279	0.394849644615343	0.195408972430316	0.510279934788728
id1_186	id2_186	0.815357688386831	1.03911531454464	-1.39444294680781	0.0127589192902839	0.460058559580247	1.77542562828918	2.36832024205734	-0.317770223001927	0.350058731032341	-0.393985365458287	-0.531549246860925	2.12378442615531	2.10055582471337	0.594750744817982	-0.781923535116793
id1_223	id2_223	0.955162701611826	0.535962978012289	0.359759348912355	1.15261110843957	0.249094717409169	-1.22282047041242	0.176416292297918	1.55819023619626	-0.193104681277439	1.0118953788569	1.50385572608282	0.770136177348184	0.313683378312736	0.0936829773897792	1.7755171500712
id1_233	id2_233	-0.432662943013228	-0.996900936912961	-1.82152682110935	-0.691632522351537	-1.39408916924345	-0.968716575327218	-0.486938033892249	0.582041173642615	0.400223720404048	0.293226531021455	-0.0611505307701212	-1.12469645367627	-0.546184915576071	-0.129470262891024	1.01756159957818
id1_235	id2_235	-0.236522235876363	-0.297592793624574	-0.329690435640656	-0.772405713760128	0.236422832183499	-0.441563218824938	0.255025628450609	0.448198852349075	0.582125703954838	0.265910392812357	0.0309967607968866	0.0661101962153672	0.256929081084463	0.542505781027424	0.234429969924617
id1_260	id2_260	-0.535556659636816	1.94019845864269	1.03749381246224	-0.275338168047427	0.278203600919971	0.94723151250741	1.59747645215816	0.00714932530696099	0.706524323231904	-1.31961036796301	-1.47233358732996	1.21657019861233	-0.0515551141790045	0.726098580467385	-1.82828909782252
id1_261	id2_261	-0.832191594203918	-0.482357394174348	-1.65927882162755	-1.82795729974085	-1.16657432942112	0.836617663274315	0.426980660116985	-1.91221466887274	-1.24366140696753	-1.73883385737672	-2.19779360791208	-1.68073024840173	0.0233537904820366	0.420643636707806	-1.53931589798531
id1_267	id2_267	0.0663669019483613	-0.105726523422268	0.588319671541744	-1.50313446143718	-1.53792390034387	1.10538234847865	0.0604277191905831	-1.76482231639816	-0.765250984909984	-1.61743403183689	-1.66605640904084	-0.791620715300645	1.04798817896179	1.78473356859502	0.326478014245634
id1_282	id2_282	-1.92293654444653	-1.16349976768649	0.23769058702775	-1.35878603427608	-1.48024737281359	0.338209813118248	-1.2144249814886	-0.14240316851985	-1.62651590979916	-1.30971104056534	-0.493883724078724	-0.822196384251937	-0.463471802907163	-0.087340303109364	-1.48955937375981
id1_291	id2_291	0.515322914436596	1.362522803014	0.76771638472094	1.28784779546735	1.7084682139259	-1.33258069951044	-0.969177909513776	2.11389379528871	1.78641100754428	1.58788828134241	2.48353917729799	0.745261796281165	-0.597421959791314	-1.7813115204428	0.0917057177153569
id1_292	id2_292	0.214527693754684	1.97261131523613	-1.41906820722216	1.26085337691263	1.79981953195368	0.0746077042211497	-0.67716921556365	1.16372846692767	1.75806750495686	0.224198672785216	-0.0933751416178133	0.907610428473774	-1.56738921053254	-1.80304281115698	-1.20843732813931
id1_293	id2_293	-0.728946688150596	-0.200954820624986	-0.499531772724775	0.481617810355957	0.241319936504496	-1.04581468035367	-0.55938612261627	0.994826117720827	-0.239553222433093	0.955127101915738	0.209227739177439	-0.504771535856529	-0.929220735799067	-0.932826595349145	1.02372369448853
id1_295	id2_295	2.9113816741428	1.46630326890864	-0.244236983030196	1.39848369257346	0.896207653366869	-0.0194580567685585	-0.449948414784858	1.20243926609483	0.857692739382905	0.898284146445603	0.721581942311781	0.317670614259142	-0.582852232212114	-1.02716084960276	0.353876493147928
id1_310	id2_310	-0.449706108440646	1.46636200348982	0.812617470867373	1.32518662813623	0.621259695210436	-3.56490371602162	-2.0737524239464	2.56990490142885	1.78108198622973	2.69777271454409	2.69003558355686	0.43110153163944	-1.76966451035132	-1.82139189650375	0.311790957834812
id1_312	id2_312	0.255502138775746	1.17043923441733	3.36749173830376	0.260294432836332	1.83143465828867	2.69786459602088	1.56632045565228	0.59777632356876	0.367588448903492	0.575577553676391	0.06873976245576	2.0175293358805	2.02089964426898	0.798394983074338	0.232872040195362
id1_322	id2_322	-0.204063426141233	-1.33415135399305	-0.43377950784422	-0.0188791342189868	-0.435513950656892	-1.71538490105054	0.353762884219815	-0.404952666074742	-1.03480592809009	-0.545246038185735	-0.622333441352215	-0.984673636821744	0.589632163884565	1.11184829825054	1.21276834677714
id1_325	id2_325	1.12152904407314	-0.0585108876721989	-0.0900812822206486	0.12387790636095	-0.221858315134778	1.48064931586709	0.465894566769366	0.274574178911629	0.103978992691225	0.498295790383464	-0.32877518303009	-0.667874164564369	0.165591557048065	-0.210514799112	0.864261430091761
id1_347	id2_347	-0.466078126908227	-0.968464095830414	0.261922504577069	-0.351812691651579	-1.26684586904498	-0.705632186985531	-0.0670656073457392	-0.559818000590851	-1.12452102337933	-0.807897945105653	-0.193529225585994	-1.21552540824667	0.111395813075477	1.07576831882988	0.604731646933746
id1_353	id2_353	2.49195259157891	-0.405263524821495	0.495263009567937	0.24626854436674	-0.644515914068537	1.00446612914215	0.65302344770062	-0.249293062371555	0.125764155086085	0.18260808679276	-0.024113027729356	0.182483395240869	1.6573053307883	1.00015873905185	0.172938354193291
id1_357	id2_357	0.875485102395424	0.555072068033091	-0.743211952166895	0.889844017982364	0.25057026946475	-0.317340588266548	-1.09821481674507	0.302495272593515	-0.0525878189844121	0.652942818430924	0.387170659967137	-0.519088144270467	-1.05267634417097	-0.828430001688758	-0.250456337948154
id1_370	id2_370	-0.146901792816571	0.234584167210577	-0.284477253256443	-0.0240416382914789	0.282192982686859	0.18326066334421	-0.176520259139688	0.116822920942411	-0.138834340656572	-0.168816788084859	-0.123604778399839	-0.834148375928243	-0.413916614047792	0.509706175202114	0.230412401443473
id1_375	id2_375	-1.0353724900964	-0.32835204431226	-0.0687029557858569	0.796283437545522	-0.950263433759857	0.583616406541226	-0.981936043385282	0.0780655988503516	-0.0856472481696107	-0.452298369957585	0.676460806426632	-0.804256806265845	-1.51328826923924	-0.451063779559081	-0.618677719884436
id1_376	id2_376	-0.0863955568255718	0.377353262804357	1.78569904761351	-0.730285408088982	0.729732952014841	1.28741556861303	-0.007539205891547	-0.800181702600285	-0.0826848102607919	-0.92424004569019	-0.524683342976101	0.840589069384826	0.337810293488345	0.173994322505945	-0.869135817132125
id1_395	id2_395	-0.653263778830815	0.257381656994173	-1.22948000836584	-0.435445142189797	0.538496705958647	0.588276161326235	0.277844609373165	-0.633278106227627	-0.822430407657152	-0.501462738912463	-1.15904712099148	0.73350374195863	0.688216178861839	1.68592449411862	-0.738484069348334
id1_398	id2_398	-0.286116718595905	-1.97389469817427	0.135116339688914	-1.01914523938825	0.139886151765355	-0.46979872193434	0.346245530764657	-0.642796340714158	-0.304664713613154	-0.0861522404682769	-0.368999577206069	-0.89654681343647	-0.277146671419662	0.112848185801164	-0.0844160901604843
id1_402	id2_402	-0.605885194148498	-0.277323222810088	0.547505085164582	-1.16522883440636	0.164293306427385	0.876052354186158	1.10881957576402	-0.9025036441407	0.38446785836893	-1.31939995018065	-0.72739937322329	0.905467767764114	0.0955133009023795	0.103140850460506	-1.07749843542162
id1_409	id2_409	1.91559984345043	1.10206548682034	0.111359865841459	1.4840585606682	1.865585385269	-1.266360772516	-0.290439184876364	2.43697417261634	2.16137031575608	2.59105537481431	1.629500331485	0.309005044296898	-0.400350989470697	-1.42996019590099	0.82552333407764
id1_416	id2_416	1.7280077485444	1.67406685089745	-0.488365498286447	2.10627238110496	1.84415761452662	-0.454741673626521	-0.130810284965577	1.59077780768033	1.33021211125976	0.715067925797934	1.29720147789811	1.16550526316989	-1.13512913269495	-0.443679758277339	0.832748654141493
id1_427	id2_427	0.228568652028945	-0.855786593630522	0.405395608140726	-1.59674996942452	-1.53491860961545	1.32317653299953	1.25500240308055	-1.86065275768099	-1.80387137697242	-0.540028555507688	-1.87862826175268	-0.354554271364198	1.64088277844167	1.60846761713634	-0.794143767710306
id1_428	id2_428	-1.35110034776983	-0.541902874248764	-0.483780462574425	-1.90728617541443	-0.250988225114392	0.664266330825126	1.13945425208464	-1.22550247606586	-0.809429186875698	-2.35753732541443	-1.50850773676452	0.784897840150196	1.09088302905171	1.04510937019226	-1.41634984846583
id1_433	id2_433	-0.378140289274344	-1.6377392736221	-1.45864947043858	-1.65904988287932	-1.48223782826233	-0.0137538713969147	-0.207112293402889	-1.49724434510252	-1.77705222015567	-0.555081766942873	-0.939737027285798	-1.82226327876035	0.795424761222231	1.12401362022691	0.412430121117469
id1_435	id2_435	-0.741309149331658	-0.530836800916364	-0.588901631850852	1.0014711804597	-0.0308859307073686	-0.609076589358164	-0.54247902391801	0.438472135358763	0.996340970882174	0.585472195967448	0.711190237536443	-0.141980242372202	-0.71386071612864	-0.75333259234411	2.04306797852596
id1_439	id2_439	-1.10120224891085	-0.0990641628430956	0.272790596409012	-0.763110232953658	-1.5312288365159	-0.051372036646534	-0.807007003609086	-1.15332003595696	-1.32099963922844	-1.04849949248469	-2.15530457186276	-1.80100729627017	-1.20231637451347	-0.112932825142242	-1.36118229519595
id1_451	id2_451	-0.307893529627775	-0.637456271326014	1.15049908684051	-1.21529757450334	-1.2732330990283	0.426036334132819	-0.294188868004184	-0.360205293124147	-0.231735999377711	1.30840405847322	0.828231920233763	0.453016296941884	1.33574778423109	1.03404853423672	0.689694596463415
id1_471	id2_471	0.408181931156954	-0.431577912057267	0.298202232348157	1.44265641950474	0.471951442424899	-1.37491483199957	-2.12884546001717	1.29343778184228	-0.178880443108033	1.30173094155479	0.425612119287828	-1.10336717226312	-1.76669626548359	-0.996447267553628	1.62371166559044
id1_478	id2_478	-0.172137251688926	0.455415072189158	-1.33326811554983	0.680998533811194	-0.596712143412863	-0.711075994249947	-1.00505564518389	0.444528280873837	0.188203698155233	-0.973204532667023	0.0631110678466745	0.534295487507991	-0.852452145838386	-1.34838834998322	-1.64816394060165
id1_491	id2_491	-0.168480463838839	1.25870800305689	0.122600416705792	-0.195948631776205	0.311184549880739	-0.311615576254176	0.234659560700153	0.112934704730832	0.405265738479443	-0.227062301949064	-0.122999341614097	1.56058579180363	0.100710964907998	-0.554684497322126	-1.02490662588796
id1_506	id2_506	0.643017381862012	1.10529822287756	-0.635937544747493	0.331799356988788	1.43416443104733	0.222649987869028	0.417460045704403	0.0829303075145339	0.662686033544973	0.474641104318541	0.14521156472961	1.07749458000935	0.143651568989008	1.04117923860776	-0.167231987901285
id1_507	id2_507	-0.11502798898725	0.218357631665674	-0.515148992580712	-0.701784319852207	0.392421090282346	0.588293148193941	0.377314141218038	-0.239002051174721	0.464204917595747	-0.855239685677317	0.464118936302099	0.851994614612402	0.352288655699159	0.069773681467192	-0.78390609794277
id1_519	id2_519	-0.649553704661005	-0.284199455897921	-0.689387147135783	-0.280933991368114	-0.58079244355806	-0.180559997092075	-1.19847565771918	-0.144564256045535	-0.957835584342205	0.308680176968446	0.224711005574974	-2.04770019385461	-2.2176687709775	-0.520926505818386	-0.231671789030919
id1_522	id2_522	-0.143724648445042	-0.246918986298139	0.552653013157123	-0.0143319600450404	-0.117414208907816	0.262504710222191	-0.0217790176582762	-0.64944566198601	-1.17568750024591	0.463304672669315	-0.670237383597154	0.335512308352805	0.295122565643747	0.463311831303684	-0.41986493381147
id1_528	id2_528	0.493411108232911	-1.47646014045373	-0.331854910715144	0.208002017616177	-0.254508095698003	-0.7737404882444	-0.247711409769859	-0.0362976154650158	-1.18668534827206	0.651797598447374	0.333025890283894	-0.315191747254249	1.01251242771468	0.161562710398338	1.4997601620571
id1_536	id2_536	0.608377980800153	0.51333722141499	-0.613005941337546	0.316905878812688	0.273723905694523	0.586991655723886	0.508548317219688	0.168735283292767	0.815797001445537	0.908085336762672	-0.433868653938409	-0.200895709703151	0.208937756867839	-0.317605299709277	-0.253539547178379
id1_541	id2_541	-0.0729622600357445	0.823857092534543	0.425646498347401	1.41181996051466	0.411416244515901	-1.75307369926081	-0.710532916170199	1.30299151650448	0.480451998959839	0.904841351740482	0.642234672109322	0.0236597170643738	-1.42774893992054	-1.63711826077117	-0.317505115666335
id1_546	id2_546	-0.376487348103408	0.272166908542565	-0.52448403755468	-0.369154987304862	-0.347155392288066	-0.402025116031159	-1.23278460669465	-0.355936271632196	-0.0932789380864598	-0.0912254691783446	-0.842684068423081	-1.06202288862548	-1.06305890618609	0.270831481569743	-0.354997298908769
id1_556	id2_556	0.29533695383166	0.381616916108579	-0.357340634406714	-0.176173710430351	-1.07193628569877	0.476018681794613	-0.520354116380325	-0.805781063830515	0.260238541173081	-0.731067987616573	-0.982692239834568	-1.30337135219062	-0.408584506671474	0.946172208038129	0.657178193729684
id1_557	id2_557	-1.36455991381308	-1.86216244944941	0.753691175314034	-0.704195191851826	-1.52183962971515	0.105805310453153	-0.0571956157500457	-1.17926693083976	-1.26427699173688	-0.611575233580536	-0.226890248547469	-0.656472118139983	0.568894931034235	1.68381556458161	0.5230146921567
id1_561	id2_561	1.43076523748814	3.12332259622463	1.04513164896556	1.86677523641607	2.08525828071313	0.836156929117544	1.57340070731349	0.96350756285573	2.71769826978458	0.0555617723720759	0.250821766341391	2.26543603326031	-1.45664047576372	-0.578177448315467	-3.02740590090827
id1_566	id2_566	0.473601646785154	0.969098176680772	-0.727214444679918	1.4684713046381	0.218736579611261	0.0912946599348076	-0.208520062852174	0.958091092106123	0.237519597089659	0.411785388488243	0.953070114392849	0.218531103089338	-0.513955572965364	-0.200068487612935	0.0627022525072737
id1_593	id2_593	1.83080066239823	1.28301053417475	-0.615918026057266	0.964780451058874	0.72081696941145	-0.0100104165401961	0.335136591610454	0.748214746255118	1.87713070524866	0.0962763798721116	0.110676441728006	0.836498938542745	-0.75099494118463	-1.03505489222487	-1.71467356860195
id1_598	id2_598	0.608216675100746	0.856414038378938	0.983616852100086	0.498358538859156	1.27134655368521	0.738176546135063	0.55319030189721	0.735090179436046	0.932715653863803	0.859481367428405	0.607316300799291	0.911459616543001	0.44514556330173	-1.20876131397469	-0.684862042915726
id1_621	id2_621	-1.20375521227035	-0.172311650381308	1.22260035744704	0.179878050178109	0.389179778704958	-0.872856931078787	-0.097769959532301	-0.254908297093956	-1.0133533996276	-0.878602760899549	-0.245053591504635	0.193760745957471	-0.283376673128368	-0.366850810471247	0.146635994857953
id1_629	id2_629	0.241676042640633	0.0644369641235284	-1.4711091466549	1.05416202013246	-0.461425036973359	-1.10331728606049	-1.70841497989839	0.924477178642177	0.176305364669268	1.0585668409816	1.23817670215185	-0.571988628365197	-1.03434183892457	-1.26063474962808	0.724004014370394
id1_632	id2_632	0.711391867907712	0.554736905090165	0.192280432123612	0.67591449506583	-0.717536943158501	1.52780776625769	0.179389525004785	-0.698525655111079	0.74751487062487	-0.247046056752863	-0.112959161811534	-0.437092892762351	0.401667555935639	1.08300495638578	0.820448462415136
id1_642	id2_642	0.94003873279058	-0.668473690119151	-1.6146322015685	0.292105183130064	-0.367252898112237	0.289939812114649	1.1168292058212	-0.280993680362677	0.058932068851242	0.841410410970246	-0.258134208634921	-0.0859939695934242	1.27047205906619	1.32024191814666	0.467434348861549
id1_647	id2_647	0.492436604743799	-0.248154028385311	0.133247170148729	-0.462801410857739	0.851841685531322	1.45323185446806	1.22572767896281	-0.244635325371732	0.625573687910644	0.444609337361809	-0.0489208057917762	0.356519970023464	0.666973272506637	0.852237474406664	0.419573965411088
id1_665	id2_665	-0.698650055963903	-1.28280214954073	0.539363553061981	-1.55124673373069	-1.09874656892455	0.673199505795348	-0.0501506639631086	-0.906585738599769	-0.765029571226587	-0.162360007386469	-0.436144417653444	-0.83916005029777	0.347805392847296	1.53490544461672	-0.160613816128387
id1_672	id2_672	1.01092118242793	1.21536554304454	2.26652320984991	0.57698497204659	1.48443032785602	-0.448677681204887	1.02186778527275	0.499196454281672	0.752691954858861	0.591220310929229	0.722928316470428	1.83473926807825	0.453572093335891	-0.152905377494095	-0.561004578585984
id1_678	id2_678	1.94270907024381	0.805837676797232	-0.488161663478964	-1.14609115772036	0.76592588262712	1.51268603754718	3.29334364701528	-1.45023542695543	-0.479949208880057	-2.90353230704547	-0.955093481924633	2.42719250148869	2.78260901065702	0.455311765824445	-1.56825123633239
id1_680	id2_680	0.846848983672016	0.348177770952865	1.72306849452071	2.03679454179082	1.26949129827162	-1.33287254781387	-0.747661438467688	1.71148104687474	0.135015255623365	1.01970612090302	2.63224490007687	0.440515217498828	-0.0780082349606095	-2.27903349726186	1.63254399517361
id1_725	id2_725	-1.47584764034701	-2.25700602215393	-0.393584790060251	-0.60633084801133	-2.21872171985063	0.311078936842397	-1.07947579275019	-1.44962343510976	-1.38712894353463	-1.08512305151167	-1.2333436308941	-1.75811570574246	-0.0414116508380525	1.03792896196763	0.812685003523388
id1_729	id2_729	0.0468124536441598	0.0939582338756123	-0.89274242043528	0.977426542583259	0.371739344935123	-0.926655579364547	-1.1027023499123	1.07309576869203	0.435755608147285	1.21064377345581	1.6749312416882	0.266162854269707	-1.26902641598463	-0.876705866627009	0.566840684925349
id1_738	id2_738	1.05598764102015	0.235717046651766	1.75614861352894	-0.028556099965117	-0.0307153473873465	1.45899436512057	2.01926536123852	-0.683068534233489	1.26400362743334	-0.479315107142619	-0.879179969987808	0.671588063278393	0.4044814957544	1.06386004108102	-1.69298608436655
id1_753	id2_753	1.23476579733973	1.28554458785568	1.14592099310776	2.13375239301184	1.20114553335317	-0.353550682863111	0.41464068208479	1.63851639078047	1.90196600162429	1.06666390581417	1.79066507232595	0.490042221099159	-2.30210360329557	-2.07727903133021	-0.724597405041325
id1_757	id2_757	0.5164280877274	0.138541659466253	1.83550727818373	-1.68060652377483	-1.19858555483769	1.93361559183575	1.56229076900133	-1.94920123193617	-1.18479297030278	-0.611749143427346	-0.754231745209751	-0.273230568609162	1.55278241309851	2.46018241567659	0.0732093143788587
id1_759	id2_759	-0.638431399474282	-0.257461500081865	0.924696185310603	0.520847860566449	0.8572832271696	-1.01910691791614	-1.08543883302029	-0.380347672110101	1.37387544500283	0.417055449163239	0.311737966502052	0.150326965666403	-0.587678931841532	0.183611724472784	-0.472691147987714
id1_775	id2_775	-0.00905726000293812	-0.441832361235503	0.294350814202547	0.63321917244544	1.171252280155	-0.179027287388281	0.396327145209959	0.773472808898683	-0.523688639055339	0.0133078269313976	0.0407812402742589	1.65573520445137	2.12736042065634	1.38063523474714	1.3786748150992
id1_793	id2_793	0.204718955727479	0.024772632047871	0.304366932679207	-0.0103904613154241	-0.669862196407716	-0.183677139509705	-0.571744713294604	-0.0110969400602025	-0.130529667386365	-0.207485064621095	0.348864212598035	-0.178857358090808	0.054610232223501	0.373714947660804	0.0927671356550682
id1_819	id2_819	0.241997050677694	-1.61317841939198	-0.988104800750357	-0.458574916062789	-1.45037816485971	-0.163640170519236	-0.30091020410355	-1.1961699082259	-1.99048581483742	-0.930763321662055	-0.181681928570695	-1.08732372875959	0.852815825213935	2.2207216515867	2.03921553473932
id1_824	id2_824	-0.149886081452113	-0.167653888972708	-0.0896455088742412	-0.417926174351447	-0.419131611960432	0.905595947155252	0.382504208718235	-0.0625507119861703	0.262770201973638	0.422148212916295	0.286824337999778	-0.584338888429838	-0.880506679469182	-0.146585829513532	-0.150677646861367
id1_832	id2_832	-0.343910960851006	0.0276029203034365	-0.25065450426096	-0.711587408859198	-0.151361231381408	0.22092864465784	0.222665864636977	-0.118237845411208	0.494092069790217	-0.694605594290741	0.15629212890729	-0.108559120903707	0.244581419847191	-1.17985200500932	-1.1910633834951
id1_845	id2_845	-0.668748066502857	-1.85751549116525	0.405242892385213	-1.5120097767487	-1.26276535367121	-0.632309522895424	-0.686139462602667	-0.634642415486448	-1.81644201589017	-1.00955588363894	0.00916866309012681	-1.2388680759296	1.06793668952359	0.0990699277185605	1.3964087064859
id1_851	id2_851	-0.773291123193232	0.232736993744365	0.480732784759874	1.17296644715348	0.426127284406946	-1.33374054811342	-1.07663459405246	1.16976392456324	0.622758421642939	0.53659282610229	1.16561453531357	0.143947611342181	-0.405617665216814	-0.357860401808292	-0.371697807475287
id1_852	id2_852	-0.517509650476552	0.198283645406155	0.329712440456922	0.887842827230061	1.78560285170392	-1.09891840846696	-0.680989165319196	1.28297852513148	0.907210169923757	1.71777473308319	1.04316938030705	0.565646165152995	-0.374728110554293	-1.36810625523463	-0.317379064262696
id1_871	id2_871	0.514234191089664	-0.0343180540607335	-0.0741819673479896	-0.32434341625702	-0.315837487983166	0.407161775442949	0.777286318238629	-0.635392702264806	-0.145675791181617	-0.410174541661654	1.04117260252721	0.350358658230421	1.11364053822826	0.736129787664432	0.109772043768903
id1_894	id2_894	-0.156988526064087	-0.0453074451255445	-1.06149006550448	-0.118504606974282	-0.515961442682412	0.331187495108082	-0.294064550450435	0.361067783172256	-0.374776836120719	0.319991945868735	-0.0885350185312658	-1.34043183051451	-0.624765577450202	-0.753356222047209	0.129864703005533
id1_895	id2_895	-2.86419328864164	-2.13031362963043	0.772556267811855	-1.90535451170321	-0.941189984381534	-0.618737951452166	-1.48548171442397	-1.44332212584555	-1.63614036843687	-0.682364625119002	-0.228401924709651	-1.06302138406746	-0.179706770586681	0.0174991935175301	0.365631614592834
id1_905	id2_905	-0.252654815267534	-0.467838702303067	-0.892083991257036	-0.0449274304334563	0.362418796666739	-1.37400273144422	-2.12123411738594	0.345475892867631	-0.495105123837776	0.465019360037495	0.517080438242184	-0.577850651006214	-0.608120776241952	-0.360993743689777	0.950355398714843
id1_908	id2_908	-0.287056836407674	1.22942093449416	-0.40883020563933	-1.35616635052128	0.755554654205215	1.14921233844233	2.18382232056134	-1.01503347680471	0.453718132842403	-2.34614994001159	-2.23754971552526	2.2144958907441	1.02513830047274	-0.541009707313032	-2.89187794099463
id1_912	id2_912	-1.91392265002965	-0.264238216195843	-0.123161003642663	-1.0908968542366	-0.227485588393455	0.41261210014326	-1.0164634112797	-0.413461422413232	0.451184437083281	-0.816965229426586	0.135605481100573	-0.770962282394883	-1.51140198014118	0.282390140665999	0.0817606418217725
id1_920	id2_920	0.182434824625679	0.250622152796679	-0.788687517533131	0.8354697111618	0.151995212383315	0.880813898593859	1.02575874008329	0.0918938361085446	-0.0479546946440233	0.624727962118239	0.567372795766736	0.818359671166532	0.664373315755088	0.209031478187438	1.44720443313662
id1_943	id2_943	0.453872317181145	-0.537176538026158	0.546800591792488	-0.394096593211912	0.337412522316463	-0.15571459875649	0.895435249767079	-0.357237435867656	-1.15650670544404	0.419040812532273	0.386744659011193	-0.243939800270831	1.22604470959843	0.294413935378532	1.30040643472682
id1_946	id2_946	-0.65871957470092	-1.43576950120203	-2.06649594287006	-1.24886651272382	-0.563126967924944	0.412955365057865	-0.1063276430273	-1.51536382179902	-0.910674344132407	-1.52517643451674	-1.48044959024928	-0.894967645174281	-0.745637297788788	0.0442191586168779	0.224790409834797
id1_948	id2_948	-1.32874901446655	1.00390077259603	0.410868038291776	0.385792579385005	1.05467682339269	0.385517160615715	0.303290712736525	-0.22655046885297	0.165094656392164	-0.152554181799502	-0.687712690840817	0.330094665736332	-0.189431774669426	-0.203757855312069	-0.840257491591656
id1_970	id2_970	0.0480575651924439	1.2155279660764	1.84366481867124	1.20467855888558	1.82705290829241	-0.983839391990075	-0.506683594090987	1.57254132386438	1.60435048677826	0.93500900559582	0.513053284615174	0.868393148979881	-1.1972142268158	-0.55194401827788	-0.563946443377428
id1_979	id2_979	-1.97624149038144	-1.88604586648186	0.291442602085926	-0.596226881709987	-1.23475686037808	-0.469729508159195	-1.00813765891901	-0.972028452656159	-1.94550776073529	-0.0143682498939824	-0.429335129756631	-1.8765317575254	0.192606837677128	-1.02556579331131	1.1054296196314
id1_985	id2_985	0.0525867816108062	-0.0536295095468659	0.2602809349682	-0.261445532762953	-0.221071530841698	0.217850492665638	0.755348289412628	-0.902394425082361	-1.04626061397584	-1.12889355772331	-0.588158987302781	0.362812675628711	1.36217336207936	0.472090819517356	0.61272753155388
id1_988	id2_988	-0.500172250384528	-0.471512837903319	-0.987811674735149	-0.549485320881675	-1.23601244750175	-0.186312426949894	0.376644208283523	-0.834790925239681	-0.925257924824946	-1.19424113266761	-0.382309553707051	-0.52751593547936	0.699527471969765	0.246523685526805	-0.290220875011619
